[gd_scene load_steps=8 format=3 uid="uid://bqk7tjyhnyv8j"]

[ext_resource type="Script" path="res://landscape_ver1.gd" id="1_g6rkn"]
[ext_resource type="Script" path="res://path_follow_3d.gd" id="2_alaop"]

[sub_resource type="ProceduralSkyMaterial" id="ProceduralSkyMaterial_35ew3"]
sky_horizon_color = Color(0.64625, 0.65575, 0.67075, 1)
ground_horizon_color = Color(0.64625, 0.65575, 0.67075, 1)

[sub_resource type="Sky" id="Sky_4bph8"]
sky_material = SubResource("ProceduralSkyMaterial_35ew3")

[sub_resource type="Environment" id="Environment_xmdfw"]
background_mode = 2
sky = SubResource("Sky_4bph8")
tonemap_mode = 2
glow_enabled = true

[sub_resource type="Curve3D" id="Curve3D_eqarx"]
_data = {
"points": PackedVector3Array(0, 0, 0, 0, 0, 0, -1, 2.5, -0.01, 0, 0, 0, 0, 0, 0, 1, 2, 10, 0, 0, 0, 0, 0, 0, 13.5963, 7.02093, -15.574, 0, 0, 0, 0, 0, 0, -9.19744, 2.85789, -26.7001, 0, 0, 0, 0, 0, 0, -21.176, 7.08769, -14.886, 0, 0, 0, 0, 0, 0, -32.2174, 6.40748, 18.9094, 0, 0, 0, 0, 0, 0, 4.06344, 10.8162, 36.9538, 0, 0, 0, 0, 0, 0, 1.98182, 16.5433, 26.1651, 0, 0, 0, 0, 0, 0, 13.1747, 9.32599, 18.5267, 0, 0, 0, 0, 0, 0, 10.354, 11.0243, 8.33181, 0, 0, 0, 0, 0, 0, 10.6545, 13.3898, -7.64817),
"tilts": PackedFloat32Array(0, 0, 0, 0, 0, 0, 0, 0, 0, 0, 0)
}
point_count = 11

[sub_resource type="SphereMesh" id="SphereMesh_67nju"]

[node name="Node3D" type="Node3D"]
script = ExtResource("1_g6rkn")

[node name="WorldEnvironment" type="WorldEnvironment" parent="."]
environment = SubResource("Environment_xmdfw")

[node name="DirectionalLight3D" type="DirectionalLight3D" parent="."]
transform = Transform3D(-0.13811, -0.211072, -0.967664, -0.95809, -0.219111, 0.184537, -0.250977, 0.952596, -0.171964, -254.175, 62.9025, 54.3179)
shadow_enabled = true

[node name="Camera3D" type="Camera3D" parent="."]
transform = Transform3D(1, 0, 0, 0, 0.979223, 0.202787, 0, -0.202787, 0.979223, -0.150704, 2.58244, -0.0102513)
fov = 66.0

[node name="Path3D" type="Path3D" parent="."]
transform = Transform3D(1, 0, 0, 0, 1, 0, 0, 0, 1, 2.75207, -7.01597, -2.46112)
curve = SubResource("Curve3D_eqarx")

[node name="PathFollow3D" type="PathFollow3D" parent="Path3D"]
transform = Transform3D(-0.980618, 0.00958542, -0.195693, 4.65661e-10, 0.998802, 0.0489233, 0.195928, 0.0479751, -0.979444, -1, 2.5, -0.01)
script = ExtResource("2_alaop")

[node name="BallTemp" type="MeshInstance3D" parent="Path3D/PathFollow3D"]
transform = Transform3D(-0.054553, -1.86265e-09, 0.998511, 0.83912, 0.542011, 0.0458448, -0.541204, 0.840371, -0.0295683, 8.21802, -15.8472, -5.71225)
mesh = SubResource("SphereMesh_67nju")
skeleton = NodePath("../../..")
